MONG,APT,ASL,DSS,GFA,GFA,GFB,GFC,KVB,MLA,MLA,MLB,NLN,OSC,OSE,OSE,OSO,OSS,STA,STB,STC,TRB,TRC,TRA,TRA,VAL,CPR,ISW,WM1,WM2,WM3,MONG
MONG,0,78,69,75,72,72,72,70,62,78,78,77,66,55,56,56,49,60,83,83,82,32,29,28,28,65,80,77,54,70,53,0
APT,78,0,36,34,41,41,42,43,38,1,1,2,33,23,24,24,29,24,45,42,48,47,52,51,51,34,50,45,35,11,44,78
ASL,69,36,0,64,6,6,7,7,7,35,35,35,4,32,39,39,30,45,15,14,16,41,41,51,51,5,17,12,17,39,62,69
DSS,75,34,64,0,70,70,71,71,63,35,35,33,61,35,28,28,41,21,77,75,79,50,58,48,48,61,81,75,55,26,23,75
GFA,72,41,6,70,0,0,2,3,11,40,40,40,9,38,45,45,36,51,11,11,11,45,45,55,55,10,11,6,21,44,67,72
GFA,72,41,6,70,0,0,2,3,11,40,40,40,9,38,45,45,36,51,11,11,11,45,45,55,55,10,11,6,21,44,67,72
GFB,72,42,7,71,2,2,0,2,11,42,42,42,11,39,46,46,37,52,11,11,10,46,45,56,56,11,10,5,22,46,69,72
GFC,70,43,7,71,3,3,2,0,10,42,42,42,10,38,46,46,36,52,13,13,12,44,43,54,54,10,11,7,20,46,68,70
KVB,62,38,7,63,11,11,11,10,0,37,37,37,6,29,37,37,26,43,21,21,21,35,34,44,44,4,21,17,11,39,58,62
MLA,78,1,35,35,40,40,42,42,37,0,0,2,33,24,24,24,29,24,45,42,47,47,52,51,51,34,49,44,34,11,44,78
MLA,78,1,35,35,40,40,42,42,37,0,0,2,33,24,24,24,29,24,45,42,47,47,52,51,51,34,49,44,34,11,44,78
MLB,77,2,35,33,40,40,42,42,37,2,2,0,33,22,22,22,28,23,45,43,48,45,50,49,49,34,50,45,34,10,42,77
NLN,66,33,4,61,9,9,11,10,6,33,33,33,0,29,36,36,27,41,19,18,20,38,38,47,47,1,20,15,13,36,58,66
OSC,55,23,32,35,38,38,39,38,29,24,24,22,29,0,7,7,7,14,47,45,48,23,29,28,28,28,49,44,20,16,30,55
OSE,56,24,39,28,45,45,46,46,37,24,24,22,36,7,0,0,13,7,54,52,55,26,33,28,28,36,56,51,28,14,23,56
OSE,56,24,39,28,45,45,46,46,37,24,24,22,36,7,0,0,13,7,54,52,55,26,33,28,28,36,56,51,28,14,23,56
OSO,49,29,30,41,36,36,37,36,26,29,29,28,27,7,13,13,0,20,46,44,46,17,22,24,24,26,47,42,16,23,32,49
OSS,60,24,45,21,51,51,52,52,43,24,24,23,41,14,7,7,20,0,59,57,61,31,38,32,32,41,62,57,34,13,20,60
STA,83,45,15,77,11,11,11,13,21,45,45,45,19,47,54,54,46,59,0,3,3,56,55,66,66,20,7,6,32,51,77,83
STB,83,42,14,75,11,11,11,13,21,42,42,43,18,45,52,52,44,57,3,0,6,55,55,65,65,19,10,7,31,48,75,83
STC,82,48,16,79,11,11,10,12,21,47,47,48,20,48,55,55,46,61,3,6,0,56,55,66,66,20,4,5,32,53,78,82
TRB,32,47,41,50,45,45,46,44,35,47,47,45,38,23,26,26,17,31,56,55,56,0,7,10,10,36,55,51,24,39,34,32
TRC,29,52,41,58,45,45,45,43,34,52,52,50,38,29,33,33,22,38,55,55,55,7,0,15,15,37,54,50,25,45,41,29
TRA,28,51,51,48,55,55,56,54,44,51,51,49,47,28,28,28,24,32,66,65,66,10,15,0,0,46,65,61,34,42,28,28
TRA,28,51,51,48,55,55,56,54,44,51,51,49,47,28,28,28,24,32,66,65,66,10,15,0,0,46,65,61,34,42,28,28
VAL,65,34,5,61,10,10,11,10,4,34,34,34,1,28,36,36,26,41,20,19,20,36,37,46,46,0,21,16,12,36,58,65
CPR,80,50,17,81,11,11,10,11,21,49,49,50,20,49,56,56,47,62,7,10,4,55,54,65,65,21,0,5,32,55,78,80
ISW,77,45,12,75,6,6,5,7,17,44,44,45,15,44,51,51,42,57,6,7,5,51,50,61,61,16,5,0,27,50,73,77
WM1,54,35,17,55,21,21,22,20,11,34,34,34,13,20,28,28,16,34,32,31,32,24,25,34,34,12,32,27,0,33,48,54
WM2,70,11,39,26,44,44,46,46,39,11,11,10,36,16,14,14,23,13,51,48,53,39,45,42,42,36,55,50,33,0,33,70
WM3,53,44,62,23,67,67,69,68,58,44,44,42,58,30,23,23,32,20,77,75,78,34,41,28,28,58,78,73,48,33,0,53
MONG,0,78,69,75,72,72,72,70,62,78,78,77,66,55,56,56,49,60,83,83,82,32,29,28,28,65,80,77,54,70,53,0
